root@vmss-a100000005:~# /usr/local/mpi/bin/mpirun -allow-run-as-root -np 16 --bind-to numa -hostfile /root/hosts.txt -x MSCCLPP_DEBUG=WARN -x LD_LIBRARY_PATH=/root/mscclpp-public/build:$LD_LIBRARY_PATH -mca pml ob1 -mca btl ^openib -mca btl_tcp_if_include eth0 -x NCCL_IB_PCI_RELAXED_ORDERING=1 -x NCCL_SOCKET_IFNAME=eth0 -x CUDA_DEVICE_ORDER=PCI_BUS_ID -x NCCL_NET_GDR_LEVEL=5 -x NCCL_TOPO_FILE=/topo.xml -x NCCL_NET_PLUGIN=none -x NCCL_IB_DISABLE=0 -x NCCL_MIN_NCHANNELS=32 -x NCCL_DEBUG=WARN -x NCCL_P2P_DISABLE=0 -x NCCL_SHM_DISABLE=0 -x MSCCLPP_HOME=/root/mscclpp-public -np 16 -npernode 8 python3 /root/mscclpp-public/python/test/pipeline_expt_2_node.py
tree_file=symmetric/sym_split2_IB20_NV300_bw_k_1_320
####################################################### Allgather #######################################################
nranks=16
k=1
check_iters=0, warmup_iters=100, iters=100
KERNEL_FILE=pipeline_kernel.cu, BENCH_METHOD=2

             size(B)        send_size(B)        avg_time(us)        min_time(us)     avg_algbw(GB/s)     max_algbw(GB/s)
                3072               65536               43.47               43.47                0.07                0.07
                3072              131072               44.30               44.30                0.07                0.07
                3072              262144               43.85               43.85                0.07                0.07
                3072              524288               43.46               43.46                0.07                0.07
                3072             1048576               44.93               44.93                0.07                0.07
                3072             2097152               44.33               44.33                0.07                0.07
                6144               65536               43.33               43.33                0.14                0.14
                6144              131072               44.45               44.45                0.14                0.14
                6144              262144               43.23               43.23                0.14                0.14
                6144              524288               42.87               42.87                0.14                0.14
                6144             1048576               43.27               43.27                0.14                0.14
                6144             2097152               43.37               43.37                0.14                0.14
               12288               65536               43.35               43.35                0.28                0.28
               12288              131072               43.07               43.07                0.29                0.29
               12288              262144               42.94               42.94                0.29                0.29
               12288              524288               42.84               42.84                0.29                0.29
               12288             1048576               42.93               42.93                0.29                0.29
               12288             2097152               42.54               42.54                0.29                0.29
               24576               65536               42.26               42.26                0.58                0.58
               24576              131072               42.49               42.49                0.58                0.58
               24576              262144               42.24               42.24                0.58                0.58
               24576              524288               41.31               41.31                0.59                0.59
               24576             1048576               41.31               41.31                0.59                0.59
               24576             2097152               38.92               38.92                0.63                0.63
               49152               65536               39.20               39.20                1.25                1.25
               49152              131072               39.09               39.09                1.26                1.26
               49152              262144               38.98               38.98                1.26                1.26
               49152              524288               39.06               39.06                1.26                1.26
               49152             1048576               39.30               39.30                1.25                1.25
               49152             2097152               38.93               38.93                1.26                1.26
               98304               65536               39.79               39.79                2.47                2.47
               98304              131072               39.64               39.64                2.48                2.48
               98304              262144               39.73               39.73                2.47                2.47
               98304              524288               42.11               42.11                2.33                2.33
               98304             1048576               39.75               39.75                2.47                2.47
               98304             2097152               39.64               39.64                2.48                2.48
              196608               65536               41.14               41.14                4.78                4.78
              196608              131072               43.26               43.26                4.54                4.54
              196608              262144               40.57               40.57                4.85                4.85
              196608              524288               40.64               40.64                4.84                4.84
              196608             1048576               40.52               40.52                4.85                4.85
              196608             2097152               40.60               40.60                4.84                4.84
              393216               65536               42.95               42.95                9.16                9.16
              393216              131072               42.77               42.77                9.19                9.19
              393216              262144               42.85               42.85                9.18                9.18
              393216              524288               42.91               42.91                9.16                9.16
              393216             1048576               42.83               42.83                9.18                9.18
              393216             2097152               42.71               42.71                9.21                9.21
              786432               65536               44.88               44.88               17.52               17.52
              786432              131072               44.92               44.92               17.51               17.51
              786432              262144               44.83               44.83               17.54               17.54
              786432              524288               45.06               45.06               17.45               17.45
              786432             1048576               44.65               44.65               17.61               17.61
              786432             2097152               44.74               44.74               17.58               17.58
             1572864               65536               52.84               52.84               29.77               29.77
             1572864              131072               50.18               50.18               31.35               31.35
             1572864              262144               50.12               50.12               31.38               31.38
             1572864              524288               49.92               49.92               31.51               31.51
             1572864             1048576               49.75               49.75               31.62               31.62
             1572864             2097152               49.97               49.97               31.48               31.48
             3145728               65536               66.49               66.49               47.31               47.31
             3145728              131072               61.75               61.75               50.95               50.95
             3145728              262144               61.07               61.07               51.51               51.51
             3145728              524288               61.16               61.16               51.43               51.43
             3145728             1048576               61.19               61.19               51.41               51.41
             3145728             2097152               60.60               60.60               51.91               51.91
             6291456               65536               97.22               97.22               64.71               64.71
             6291456              131072               83.94               83.94               74.95               74.95
             6291456              262144               80.48               80.48               78.18               78.18
             6291456              524288               83.56               83.56               75.29               75.29
             6291456             1048576               83.35               83.35               75.48               75.48
             6291456             2097152               82.74               82.74               76.04               76.04
            12582912               65536              166.72              166.72               75.47               75.47
            12582912              131072              124.91              124.91              100.74              100.74
            12582912              262144              115.17              115.17              109.26              109.26
            12582912              524288              116.81              116.81              107.72              107.72
            12582912             1048576              124.90              124.90              100.75              100.75
            12582912             2097152              126.41              126.41               99.54               99.54
            25165824               65536              296.57              296.57               84.86               84.86
            25165824              131072              220.02              220.02              114.38              114.38
            25165824              262144              185.05              185.05              136.00              136.00
            25165824              524288              170.18              170.18              147.88              147.88
            25165824             1048576              188.73              188.73              133.34              133.34
            25165824             2097152              208.09              208.09              120.94              120.94
            50331648               65536              556.65              556.65               90.42               90.42
            50331648              131072              404.19              404.19              124.52              124.52
            50331648              262144              325.40              325.40              154.68              154.68
            50331648              524288              283.46              283.46              177.56              177.56
            50331648             1048576              299.60              299.60              168.00              168.00
            50331648             2097152              350.95              350.95              143.42              143.42
           100663296               65536             1110.58             1110.58               90.64               90.64
           100663296              131072              767.09              767.09              131.23              131.23
           100663296              262144              599.40              599.40              167.94              167.94
           100663296              524288              513.68              513.68              195.97              195.97
           100663296             1048576              550.57              550.57              182.83              182.83
           100663296             2097152              616.16              616.16              163.37              163.37
           201326592               65536             2231.27             2231.27               90.23               90.23
           201326592              131072             1535.90             1535.90              131.08              131.08
           201326592              262144             1163.80             1163.80              172.99              172.99
           201326592              524288              997.51              997.51              201.83              201.83
           201326592             1048576             1049.87             1049.87              191.76              191.76
           201326592             2097152             1106.32             1106.32              181.98              181.98
           402653184               65536             4455.96             4455.96               90.36               90.36
           402653184              131072             3067.82             3067.82              131.25              131.25
           402653184              262144             2333.77             2333.77              172.53              172.53
           402653184              524288             2010.68             2010.68              200.26              200.26
           402653184             1048576             2046.99             2046.99              196.71              196.71
           402653184             2097152             2089.44             2089.44              192.71              192.71
           805306368               65536             8917.55             8917.55               90.31               90.31
           805306368              131072             6061.39             6061.39              132.86              132.86
           805306368              262144             4674.31             4674.31              172.28              172.28
           805306368              524288             3985.85             3985.85              202.04              202.04
           805306368             1048576             4029.16             4029.16              199.87              199.87
           805306368             2097152             4055.01             4055.01              198.60              198.60
          1610612736               65536            17793.87            17793.87               90.52               90.52
          1610612736              131072            12071.14            12071.14              133.43              133.43
          1610612736              262144             9368.41             9368.41              171.92              171.92
          1610612736              524288             7980.64             7980.64              201.82              201.82
          1610612736             1048576             8010.89             8010.89              201.05              201.05
          1610612736             2097152             8004.52             8004.52              201.21              201.21
          3221225472               65536            35560.44            35560.44               90.58               90.58
          3221225472              131072            24097.20            24097.20              133.68              133.68
          3221225472              262144            18699.26            18699.26              172.26              172.26
          3221225472              524288            16102.45            16102.45              200.05              200.05
          3221225472             1048576            15959.22            15959.22              201.84              201.84
          3221225472             2097152            15908.82            15908.82              202.48              202.48

####################################################### Allgather #######################################################
nranks=16
k=2
check_iters=0, warmup_iters=100, iters=100
KERNEL_FILE=pipeline_kernel.cu, BENCH_METHOD=2

             size(B)        send_size(B)        avg_time(us)        min_time(us)     avg_algbw(GB/s)     max_algbw(GB/s)
                3072               65536               53.40               53.40                0.06                0.06
                3072              131072               53.25               53.25                0.06                0.06
                3072              262144               53.70               53.70                0.06                0.06
                3072              524288               54.31               54.31                0.06                0.06
                3072             1048576               54.20               54.20                0.06                0.06
                3072             2097152               53.22               53.22                0.06                0.06
                6144               65536               53.47               53.47                0.11                0.11
                6144              131072               53.34               53.34                0.12                0.12
                6144              262144               53.71               53.71                0.11                0.11
                6144              524288               53.63               53.63                0.11                0.11
                6144             1048576               53.90               53.90                0.11                0.11
                6144             2097152               53.59               53.59                0.11                0.11
               12288               65536               53.08               53.08                0.23                0.23
               12288              131072               53.48               53.48                0.23                0.23
               12288              262144               53.46               53.46                0.23                0.23
               12288              524288               54.22               54.22                0.23                0.23
               12288             1048576               53.70               53.70                0.23                0.23
               12288             2097152               53.25               53.25                0.23                0.23
               24576               65536               53.78               53.78                0.46                0.46
               24576              131072               52.96               52.96                0.46                0.46
               24576              262144               53.47               53.47                0.46                0.46
               24576              524288               53.68               53.68                0.46                0.46
               24576             1048576               53.38               53.38                0.46                0.46
               24576             2097152               53.16               53.16                0.46                0.46
               49152               65536               53.85               53.85                0.91                0.91
               49152              131072               53.51               53.51                0.92                0.92
               49152              262144               54.09               54.09                0.91                0.91
               49152              524288               53.35               53.35                0.92                0.92
               49152             1048576               53.46               53.46                0.92                0.92
               49152             2097152               53.62               53.62                0.92                0.92
               98304               65536               53.79               53.79                1.83                1.83
               98304              131072               54.20               54.20                1.81                1.81
               98304              262144               53.75               53.75                1.83                1.83
               98304              524288               53.89               53.89                1.82                1.82
               98304             1048576               54.03               54.03                1.82                1.82
               98304             2097152               57.19               57.19                1.72                1.72
              196608               65536               55.17               55.17                3.56                3.56
              196608              131072               55.36               55.36                3.55                3.55
              196608              262144               55.60               55.60                3.54                3.54
              196608              524288               55.67               55.67                3.53                3.53
              196608             1048576               55.27               55.27                3.56                3.56
              196608             2097152               55.35               55.35                3.55                3.55
              393216               65536               56.94               56.94                6.91                6.91
              393216              131072               56.99               56.99                6.90                6.90
              393216              262144               56.90               56.90                6.91                6.91
              393216              524288               56.94               56.94                6.91                6.91
              393216             1048576               56.80               56.80                6.92                6.92
              393216             2097152               57.24               57.24                6.87                6.87
              786432               65536               59.89               59.89               13.13               13.13
              786432              131072               59.82               59.82               13.15               13.15
              786432              262144               60.31               60.31               13.04               13.04
              786432              524288               59.94               59.94               13.12               13.12
              786432             1048576               60.30               60.30               13.04               13.04
              786432             2097152               59.86               59.86               13.14               13.14
             1572864               65536               64.88               64.88               24.24               24.24
             1572864              131072               64.47               64.47               24.40               24.40
             1572864              262144               64.56               64.56               24.36               24.36
             1572864              524288               64.09               64.09               24.54               24.54
             1572864             1048576               64.40               64.40               24.42               24.42
             1572864             2097152               65.05               65.05               24.18               24.18
             3145728               65536               79.81               79.81               39.41               39.41
             3145728              131072               74.02               74.02               42.50               42.50
             3145728              262144               74.64               74.64               42.15               42.15
             3145728              524288               74.51               74.51               42.22               42.22
             3145728             1048576               74.23               74.23               42.38               42.38
             3145728             2097152               75.45               75.45               41.69               41.69
             6291456               65536               99.97               99.97               62.93               62.93
             6291456              131072               88.93               88.93               70.74               70.74
             6291456              262144               82.69               82.69               76.09               76.09
             6291456              524288               80.95               80.95               77.72               77.72
             6291456             1048576               83.65               83.65               75.21               75.21
             6291456             2097152               82.18               82.18               76.56               76.56
            12582912               65536              158.40              158.40               79.44               79.44
            12582912              131072              126.28              126.28               99.64               99.64
            12582912              262144              119.49              119.49              105.30              105.30
            12582912              524288              117.32              117.32              107.25              107.25
            12582912             1048576              111.76              111.76              112.59              112.59
            12582912             2097152              113.62              113.62              110.74              110.74
            25165824               65536              307.45              307.45               81.85               81.85
            25165824              131072              213.33              213.33              117.97              117.97
            25165824              262144              182.58              182.58              137.84              137.84
            25165824              524288              174.40              174.40              144.30              144.30
            25165824             1048576              171.76              171.76              146.52              146.52
            25165824             2097152              171.03              171.03              147.14              147.14
            50331648               65536              571.24              571.24               88.11               88.11
            50331648              131072              414.00              414.00              121.57              121.57
            50331648              262144              314.27              314.27              160.16              160.16
            50331648              524288              277.63              277.63              181.29              181.29
            50331648             1048576              285.76              285.76              176.13              176.13
            50331648             2097152              294.14              294.14              171.11              171.11
           100663296               65536             1122.65             1122.65               89.67               89.67
           100663296              131072              792.62              792.62              127.00              127.00
           100663296              262144              624.08              624.08              161.30              161.30
           100663296              524288              498.19              498.19              202.06              202.06
           100663296             1048576              492.19              492.19              204.52              204.52
           100663296             2097152              528.91              528.91              190.32              190.32
           201326592               65536             2218.59             2218.59               90.75               90.75
           201326592              131072             1549.66             1549.66              129.92              129.92
           201326592              262144             1208.82             1208.82              166.55              166.55
           201326592              524288              975.11              975.11              206.46              206.46
           201326592             1048576              898.83              898.83              223.99              223.99
           201326592             2097152              970.84              970.84              207.37              207.37
           402653184               65536             4412.71             4412.71               91.25               91.25
           402653184              131072             3056.48             3056.48              131.74              131.74
           402653184              262144             2358.46             2358.46              170.73              170.73
           402653184              524288             1865.42             1865.42              215.85              215.85
           402653184             1048576             1666.59             1666.59              241.60              241.60
           402653184             2097152             1738.20             1738.20              231.65              231.65
           805306368               65536             8829.69             8829.69               91.20               91.20
           805306368              131072             6059.03             6059.03              132.91              132.91
           805306368              262144             4702.89             4702.89              171.24              171.24
           805306368              524288             3620.08             3620.08              222.46              222.46
           805306368             1048576             3300.05             3300.05              244.03              244.03
           805306368             2097152             3231.74             3231.74              249.19              249.19
          1610612736               65536            17712.28            17712.28               90.93               90.93
          1610612736              131072            12039.58            12039.58              133.78              133.78
          1610612736              262144             9334.14             9334.14              172.55              172.55
          1610612736              524288             7152.30             7152.30              225.19              225.19
          1610612736             1048576             6301.57             6301.57              255.59              255.59
          1610612736             2097152             6390.72             6390.72              252.02              252.02
          3221225472               65536            35272.32            35272.32               91.32               91.32
          3221225472              131072            23991.67            23991.67              134.26              134.26
          3221225472              262144            18589.05            18589.05              173.29              173.29
          3221225472              524288            14153.75            14153.75              227.59              227.59
          3221225472             1048576            12278.43            12278.43              262.35              262.35
          3221225472             2097152            12361.72            12361.72              260.58              260.58

####################################################### Allgather #######################################################
nranks=16
k=3
check_iters=0, warmup_iters=100, iters=100
KERNEL_FILE=pipeline_kernel.cu, BENCH_METHOD=2

             size(B)        send_size(B)        avg_time(us)        min_time(us)     avg_algbw(GB/s)     max_algbw(GB/s)
                3072               65536               67.59               67.59                0.05                0.05
                3072              131072               67.54               67.54                0.05                0.05
                3072              262144               67.05               67.05                0.05                0.05
                3072              524288               68.51               68.51                0.04                0.04
                3072             1048576               67.23               67.23                0.05                0.05
                3072             2097152               66.71               66.71                0.05                0.05
                6144               65536               67.12               67.12                0.09                0.09
                6144              131072               67.23               67.23                0.09                0.09
                6144              262144               67.72               67.72                0.09                0.09
                6144              524288               67.32               67.32                0.09                0.09
                6144             1048576               66.57               66.57                0.09                0.09
                6144             2097152               67.07               67.07                0.09                0.09
               12288               65536               67.10               67.10                0.18                0.18
               12288              131072               67.70               67.70                0.18                0.18
               12288              262144               67.61               67.61                0.18                0.18
               12288              524288               66.58               66.58                0.18                0.18
               12288             1048576               67.27               67.27                0.18                0.18
               12288             2097152               67.59               67.59                0.18                0.18
               24576               65536               68.02               68.02                0.36                0.36
               24576              131072               67.49               67.49                0.36                0.36
               24576              262144               67.39               67.39                0.36                0.36
               24576              524288               67.60               67.60                0.36                0.36
               24576             1048576               66.95               66.95                0.37                0.37
               24576             2097152               67.54               67.54                0.36                0.36
               49152               65536               67.90               67.90                0.72                0.72
               49152              131072               67.62               67.62                0.73                0.73
               49152              262144               67.55               67.55                0.73                0.73
               49152              524288               67.57               67.57                0.73                0.73
               49152             1048576               67.44               67.44                0.73                0.73
               49152             2097152               67.89               67.89                0.72                0.72
               98304               65536               67.74               67.74                1.45                1.45
               98304              131072               67.78               67.78                1.45                1.45
               98304              262144               67.50               67.50                1.46                1.46
               98304              524288               68.04               68.04                1.44                1.44
               98304             1048576               67.97               67.97                1.45                1.45
               98304             2097152               68.52               68.52                1.43                1.43
              196608               65536               70.13               70.13                2.80                2.80
              196608              131072               70.32               70.32                2.80                2.80
              196608              262144               70.20               70.20                2.80                2.80
              196608              524288               70.44               70.44                2.79                2.79
              196608             1048576               70.70               70.70                2.78                2.78
              196608             2097152               70.89               70.89                2.77                2.77
              393216               65536               71.28               71.28                5.52                5.52
              393216              131072               71.48               71.48                5.50                5.50
              393216              262144               71.65               71.65                5.49                5.49
              393216              524288               71.96               71.96                5.46                5.46
              393216             1048576               71.74               71.74                5.48                5.48
              393216             2097152               71.85               71.85                5.47                5.47
              786432               65536               74.15               74.15               10.61               10.61
              786432              131072               73.47               73.47               10.70               10.70
              786432              262144               73.75               73.75               10.66               10.66
              786432              524288               74.28               74.28               10.59               10.59
              786432             1048576               73.70               73.70               10.67               10.67
              786432             2097152               74.77               74.77               10.52               10.52
             1572864               65536               79.46               79.46               19.79               19.79
             1572864              131072               79.10               79.10               19.88               19.88
             1572864              262144               79.51               79.51               19.78               19.78
             1572864              524288               79.27               79.27               19.84               19.84
             1572864             1048576               79.32               79.32               19.83               19.83
             1572864             2097152               82.40               82.40               19.09               19.09
             3145728               65536               85.73               85.73               36.69               36.69
             3145728              131072               85.34               85.34               36.86               36.86
             3145728              262144               84.25               84.25               37.34               37.34
             3145728              524288               83.92               83.92               37.49               37.49
             3145728             1048576               84.40               84.40               37.27               37.27
             3145728             2097152               84.63               84.63               37.17               37.17
             6291456               65536              112.45              112.45               55.95               55.95
             6291456              131072               98.07               98.07               64.15               64.15
             6291456              262144               98.94               98.94               63.59               63.59
             6291456              524288               98.85               98.85               63.65               63.65
             6291456             1048576               99.16               99.16               63.44               63.44
             6291456             2097152               99.61               99.61               63.16               63.16
            12582912               65536              162.69              162.69               77.34               77.34
            12582912              131072              132.07              132.07               95.28               95.28
            12582912              262144              117.45              117.45              107.13              107.13
            12582912              524288              119.55              119.55              105.25              105.25
            12582912             1048576              119.01              119.01              105.73              105.73
            12582912             2097152              119.45              119.45              105.34              105.34
            25165824               65536              280.76              280.76               89.63               89.63
            25165824              131072              213.36              213.36              117.95              117.95
            25165824              262144              182.99              182.99              137.53              137.53
            25165824              524288              168.80              168.80              149.09              149.09
            25165824             1048576              172.05              172.05              146.27              146.27
            25165824             2097152              170.76              170.76              147.37              147.37
            50331648               65536              577.13              577.13               87.21               87.21
            50331648              131072              389.27              389.27              129.30              129.30
            50331648              262144              321.12              321.12              156.74              156.74
            50331648              524288              280.40              280.40              179.50              179.50
            50331648             1048576              280.82              280.82              179.23              179.23
            50331648             2097152              276.24              276.24              182.20              182.20
           100663296               65536             1147.24             1147.24               87.74               87.74
           100663296              131072              798.79              798.79              126.02              126.02
           100663296              262144              593.45              593.45              169.62              169.62
           100663296              524288              497.20              497.20              202.46              202.46
           100663296             1048576              473.58              473.58              212.56              212.56
           100663296             2097152              502.26              502.26              200.42              200.42
           201326592               65536             2241.94             2241.94               89.80               89.80
           201326592              131072             1572.35             1572.35              128.04              128.04
           201326592              262144             1230.45             1230.45              163.62              163.62
           201326592              524288              947.12              947.12              212.57              212.57
           201326592             1048576              889.62              889.62              226.31              226.31
           201326592             2097152              902.28              902.28              223.13              223.13
           402653184               65536             4416.70             4416.70               91.17               91.17
           402653184              131072             3068.42             3068.42              131.23              131.23
           402653184              262144             2398.03             2398.03              167.91              167.91
           402653184              524288             1859.61             1859.61              216.53              216.53
           402653184             1048576             1710.23             1710.23              235.44              235.44
           402653184             2097152             1733.31             1733.31              232.30              232.30
           805306368               65536             8820.71             8820.71               91.30               91.30
           805306368              131072             6051.46             6051.46              133.08              133.08
           805306368              262144             4706.44             4706.44              171.11              171.11
           805306368              524288             3657.65             3657.65              220.17              220.17
           805306368             1048576             3199.99             3199.99              251.66              251.66
           805306368             2097152             3352.74             3352.74              240.19              240.19
          1610612736               65536            17699.17            17699.17               91.00               91.00
          1610612736              131072            12033.96            12033.96              133.84              133.84
          1610612736              262144             9354.27             9354.27              172.18              172.18
          1610612736              524288             7162.64             7162.64              224.86              224.86
          1610612736             1048576             6227.72             6227.72              258.62              258.62
          1610612736             2097152             6410.57             6410.57              251.24              251.24
          3221225472               65536            35391.87            35391.87               91.02               91.02
          3221225472              131072            24013.25            24013.25              134.14              134.14
          3221225472              262144            18580.46            18580.46              173.37              173.37
          3221225472              524288            14143.73            14143.73              227.75              227.75
          3221225472             1048576            12201.12            12201.12              264.01              264.01
          3221225472             2097152            12365.97            12365.97              260.49              260.49

####################################################### Allgather #######################################################
nranks=16
k=4
check_iters=0, warmup_iters=100, iters=100
KERNEL_FILE=pipeline_kernel.cu, BENCH_METHOD=2

             size(B)        send_size(B)        avg_time(us)        min_time(us)     avg_algbw(GB/s)     max_algbw(GB/s)
                3072               65536               87.00               87.00                0.04                0.04
                3072              131072               86.91               86.91                0.04                0.04
                3072              262144               86.41               86.41                0.04                0.04
                3072              524288               87.28               87.28                0.04                0.04
                3072             1048576               87.04               87.04                0.04                0.04
                3072             2097152               87.58               87.58                0.04                0.04
                6144               65536               86.54               86.54                0.07                0.07
                6144              131072               86.57               86.57                0.07                0.07
                6144              262144               87.61               87.61                0.07                0.07
                6144              524288               87.28               87.28                0.07                0.07
                6144             1048576               87.31               87.31                0.07                0.07
                6144             2097152               87.14               87.14                0.07                0.07
               12288               65536               86.73               86.73                0.14                0.14
               12288              131072               86.98               86.98                0.14                0.14
               12288              262144               87.08               87.08                0.14                0.14
               12288              524288               87.14               87.14                0.14                0.14
               12288             1048576               87.44               87.44                0.14                0.14
               12288             2097152               87.04               87.04                0.14                0.14
               24576               65536               87.32               87.32                0.28                0.28
               24576              131072               87.39               87.39                0.28                0.28
               24576              262144               87.07               87.07                0.28                0.28
               24576              524288               87.02               87.02                0.28                0.28
               24576             1048576               86.93               86.93                0.28                0.28
               24576             2097152               87.11               87.11                0.28                0.28
               49152               65536               87.61               87.61                0.56                0.56
               49152              131072               89.96               89.96                0.55                0.55
               49152              262144               87.24               87.24                0.56                0.56
               49152              524288               87.56               87.56                0.56                0.56
               49152             1048576               87.42               87.42                0.56                0.56
               49152             2097152               87.42               87.42                0.56                0.56
               98304               65536               87.59               87.59                1.12                1.12
               98304              131072               87.46               87.46                1.12                1.12
               98304              262144               87.19               87.19                1.13                1.13
               98304              524288               87.37               87.37                1.13                1.13
               98304             1048576               87.33               87.33                1.13                1.13
               98304             2097152               87.52               87.52                1.12                1.12
              196608               65536               88.25               88.25                2.23                2.23
              196608              131072               88.37               88.37                2.22                2.22
              196608              262144               87.97               87.97                2.23                2.23
              196608              524288               88.01               88.01                2.23                2.23
              196608             1048576               88.29               88.29                2.23                2.23
              196608             2097152               88.93               88.93                2.21                2.21
              393216               65536               91.05               91.05                4.32                4.32
              393216              131072               90.91               90.91                4.33                4.33
              393216              262144               91.24               91.24                4.31                4.31
              393216              524288               91.28               91.28                4.31                4.31
              393216             1048576               91.69               91.69                4.29                4.29
              393216             2097152               91.40               91.40                4.30                4.30
              786432               65536               94.42               94.42                8.33                8.33
              786432              131072               98.25               98.25                8.00                8.00
              786432              262144               97.51               97.51                8.07                8.07
              786432              524288               93.98               93.98                8.37                8.37
              786432             1048576               93.97               93.97                8.37                8.37
              786432             2097152               94.06               94.06                8.36                8.36
             1572864               65536               97.20               97.20               16.18               16.18
             1572864              131072               97.35               97.35               16.16               16.16
             1572864              262144               97.95               97.95               16.06               16.06
             1572864              524288               97.65               97.65               16.11               16.11
             1572864             1048576               97.31               97.31               16.16               16.16
             1572864             2097152               98.84               98.84               15.91               15.91
             3145728               65536              102.83              102.83               30.59               30.59
             3145728              131072              103.44              103.44               30.41               30.41
             3145728              262144              102.48              102.48               30.70               30.70
             3145728              524288              103.54              103.54               30.38               30.38
             3145728             1048576              103.66              103.66               30.35               30.35
             3145728             2097152              102.66              102.66               30.64               30.64
             6291456               65536              135.03              135.03               46.59               46.59
             6291456              131072              113.30              113.30               55.53               55.53
             6291456              262144              115.30              115.30               54.56               54.56
             6291456              524288              113.79              113.79               55.29               55.29
             6291456             1048576              114.51              114.51               54.94               54.94
             6291456             2097152              114.96              114.96               54.73               54.73
            12582912               65536              175.93              175.93               71.52               71.52
            12582912              131072              156.03              156.03               80.65               80.65
            12582912              262144              137.31              137.31               91.64               91.64
            12582912              524288              134.15              134.15               93.79               93.79
            12582912             1048576              136.65              136.65               92.08               92.08
            12582912             2097152              133.79              133.79               94.05               94.05
            25165824               65536              290.27              290.27               86.70               86.70
            25165824              131072              226.91              226.91              110.91              110.91
            25165824              262144              201.06              201.06              125.16              125.16
            25165824              524288              182.67              182.67              137.77              137.77
            25165824             1048576              181.34              181.34              138.78              138.78
            25165824             2097152              181.16              181.16              138.92              138.92
            50331648               65536              605.02              605.02               83.19               83.19
            50331648              131072              396.50              396.50              126.94              126.94
            50331648              262144              332.28              332.28              151.47              151.47
            50331648              524288              306.14              306.14              164.41              164.41
            50331648             1048576              280.88              280.88              179.19              179.19
            50331648             2097152              283.58              283.58              177.49              177.49
           100663296               65536             1152.86             1152.86               87.32               87.32
           100663296              131072              824.25              824.25              122.13              122.13
           100663296              262144              607.47              607.47              165.71              165.71
           100663296              524288              513.29              513.29              196.11              196.11
           100663296             1048576              486.45              486.45              206.93              206.93
           100663296             2097152              481.05              481.05              209.26              209.26
           201326592               65536             2227.62             2227.62               90.38               90.38
           201326592              131072             1576.41             1576.41              127.71              127.71
           201326592              262144             1247.98             1247.98              161.32              161.32
           201326592              524288              965.83              965.83              208.45              208.45
           201326592             1048576              881.50              881.50              228.39              228.39
           201326592             2097152              893.12              893.12              225.42              225.42
           402653184               65536             4427.66             4427.66               90.94               90.94
           402653184              131072             3053.54             3053.54              131.86              131.86
           402653184              262144             2405.93             2405.93              167.36              167.36
           402653184              524288             1907.78             1907.78              211.06              211.06
           402653184             1048576             1674.78             1674.78              240.42              240.42
           402653184             2097152             1673.55             1673.55              240.60              240.60
           805306368               65536             8847.52             8847.52               91.02               91.02
           805306368              131072             6039.15             6039.15              133.35              133.35
           805306368              262144             4699.32             4699.32              171.37              171.37
           805306368              524288             3651.78             3651.78              220.52              220.52
           805306368             1048576             3212.20             3212.20              250.70              250.70
           805306368             2097152             3252.66             3252.66              247.58              247.58
          1610612736               65536            17680.63            17680.63               91.09               91.09
          1610612736              131072            12045.50            12045.50              133.71              133.71
          1610612736              262144             9358.60             9358.60              172.10              172.10
          1610612736              524288             7179.83             7179.83              224.32              224.32
          1610612736             1048576             6182.17             6182.17              260.53              260.53
          1610612736             2097152             6385.41             6385.41              252.23              252.23
          3221225472               65536            35313.37            35313.37               91.22               91.22
          3221225472              131072            24012.50            24012.50              134.15              134.15
          3221225472              262144            18663.24            18663.24              172.60              172.60
          3221225472              524288            14168.42            14168.42              227.35              227.35
          3221225472             1048576            12166.58            12166.58              264.76              264.76
          3221225472             2097152            12320.90            12320.90              261.44              261.44

####################################################### Allgather #######################################################
nranks=16
k=6
check_iters=0, warmup_iters=100, iters=100
KERNEL_FILE=pipeline_kernel.cu, BENCH_METHOD=2

             size(B)        send_size(B)        avg_time(us)        min_time(us)     avg_algbw(GB/s)     max_algbw(GB/s)
                3072               65536              128.60              128.60                0.02                0.02
                3072              131072              128.14              128.14                0.02                0.02
                3072              262144              128.16              128.16                0.02                0.02
                3072              524288              127.70              127.70                0.02                0.02
                3072             1048576              128.39              128.39                0.02                0.02
                3072             2097152              127.80              127.80                0.02                0.02
                6144               65536              127.33              127.33                0.05                0.05
                6144              131072              127.88              127.88                0.05                0.05
                6144              262144              127.70              127.70                0.05                0.05
                6144              524288              128.19              128.19                0.05                0.05
                6144             1048576              127.83              127.83                0.05                0.05
                6144             2097152              127.66              127.66                0.05                0.05
               12288               65536              129.66              129.66                0.09                0.09
               12288              131072              127.75              127.75                0.10                0.10
               12288              262144              127.90              127.90                0.10                0.10
               12288              524288              128.69              128.69                0.10                0.10
               12288             1048576              128.03              128.03                0.10                0.10
               12288             2097152              128.13              128.13                0.10                0.10
               24576               65536              127.99              127.99                0.19                0.19
               24576              131072              127.90              127.90                0.19                0.19
               24576              262144              128.03              128.03                0.19                0.19
               24576              524288              128.12              128.12                0.19                0.19
               24576             1048576              128.04              128.04                0.19                0.19
               24576             2097152              127.95              127.95                0.19                0.19
               49152               65536              128.18              128.18                0.38                0.38
               49152              131072              128.24              128.24                0.38                0.38
               49152              262144              127.81              127.81                0.38                0.38
               49152              524288              128.23              128.23                0.38                0.38
               49152             1048576              128.20              128.20                0.38                0.38
               49152             2097152              127.87              127.87                0.38                0.38
               98304               65536              127.94              127.94                0.77                0.77
               98304              131072              128.70              128.70                0.76                0.76
               98304              262144              128.84              128.84                0.76                0.76
               98304              524288              128.26              128.26                0.77                0.77
               98304             1048576              128.70              128.70                0.76                0.76
               98304             2097152              128.15              128.15                0.77                0.77
              196608               65536              129.08              129.08                1.52                1.52
              196608              131072              129.12              129.12                1.52                1.52
              196608              262144              129.73              129.73                1.52                1.52
              196608              524288              129.38              129.38                1.52                1.52
              196608             1048576              128.89              128.89                1.53                1.53
              196608             2097152              129.48              129.48                1.52                1.52
              393216               65536              133.99              133.99                2.93                2.93
              393216              131072              134.62              134.62                2.92                2.92
              393216              262144              134.68              134.68                2.92                2.92
              393216              524288              135.22              135.22                2.91                2.91
              393216             1048576              135.21              135.21                2.91                2.91
              393216             2097152              134.26              134.26                2.93                2.93
              786432               65536              135.93              135.93                5.79                5.79
              786432              131072              137.28              137.28                5.73                5.73
              786432              262144              136.17              136.17                5.78                5.78
              786432              524288              136.88              136.88                5.75                5.75
              786432             1048576              136.47              136.47                5.76                5.76
              786432             2097152              136.40              136.40                5.77                5.77
             1572864               65536              140.63              140.63               11.18               11.18
             1572864              131072              140.71              140.71               11.18               11.18
             1572864              262144              140.58              140.58               11.19               11.19
             1572864              524288              140.91              140.91               11.16               11.16
             1572864             1048576              140.65              140.65               11.18               11.18
             1572864             2097152              140.67              140.67               11.18               11.18
             3145728               65536              146.40              146.40               21.49               21.49
             3145728              131072              147.04              147.04               21.39               21.39
             3145728              262144              146.67              146.67               21.45               21.45
             3145728              524288              146.34              146.34               21.50               21.50
             3145728             1048576              146.34              146.34               21.50               21.50
             3145728             2097152              146.80              146.80               21.43               21.43
             6291456               65536              154.36              154.36               40.76               40.76
             6291456              131072              154.07              154.07               40.83               40.83
             6291456              262144              153.69              153.69               40.94               40.94
             6291456              524288              153.86              153.86               40.89               40.89
             6291456             1048576              154.25              154.25               40.79               40.79
             6291456             2097152              154.03              154.03               40.85               40.85
            12582912               65536              205.61              205.61               61.20               61.20
            12582912              131072              169.37              169.37               74.29               74.29
            12582912              262144              169.61              169.61               74.19               74.19
            12582912              524288              170.71              170.71               73.71               73.71
            12582912             1048576              170.59              170.59               73.76               73.76
            12582912             2097152              170.10              170.10               73.98               73.98
            25165824               65536              316.48              316.48               79.52               79.52
            25165824              131072              250.19              250.19              100.59              100.59
            25165824              262144              215.28              215.28              116.90              116.90
            25165824              524288              214.95              214.95              117.08              117.08
            25165824             1048576              214.95              214.95              117.08              117.08
            25165824             2097152              216.55              216.55              116.22              116.22
            50331648               65536              559.02              559.02               90.04               90.04
            50331648              131072              422.06              422.06              119.25              119.25
            50331648              262144              352.94              352.94              142.61              142.61
            50331648              524288              301.66              301.66              166.85              166.85
            50331648             1048576              301.94              301.94              166.70              166.70
            50331648             2097152              301.65              301.65              166.85              166.85
           100663296               65536             1168.24             1168.24               86.17               86.17
           100663296              131072              770.25              770.25              130.69              130.69
           100663296              262144              633.35              633.35              158.94              158.94
           100663296              524288              529.20              529.20              190.22              190.22
           100663296             1048576              491.79              491.79              204.69              204.69
           100663296             2097152              489.05              489.05              205.83              205.83
           201326592               65536             2296.27             2296.27               87.68               87.68
           201326592              131072             1589.39             1589.39              126.67              126.67
           201326592              262144             1198.85             1198.85              167.93              167.93
           201326592              524288              977.74              977.74              205.91              205.91
           201326592             1048576              881.39              881.39              228.42              228.42
           201326592             2097152              879.30              879.30              228.96              228.96
           402653184               65536             4469.06             4469.06               90.10               90.10
           402653184              131072             3113.26             3113.26              129.34              129.34
           402653184              262144             2417.51             2417.51              166.56              166.56
           402653184              524288             1861.98             1861.98              216.25              216.25
           402653184             1048576             1662.67             1662.67              242.17              242.17
           402653184             2097152             1636.36             1636.36              246.07              246.07
           805306368               65536             8831.66             8831.66               91.18               91.18
           805306368              131072             6086.10             6086.10              132.32              132.32
           805306368              262144             4752.25             4752.25              169.46              169.46
           805306368              524288             3630.44             3630.44              221.82              221.82
           805306368             1048576             3175.78             3175.78              253.58              253.58
           805306368             2097152             3148.38             3148.38              255.78              255.78
          1610612736               65536            17687.54            17687.54               91.06               91.06
          1610612736              131072            12051.57            12051.57              133.64              133.64
          1610612736              262144             9391.00             9391.00              171.51              171.51
          1610612736              524288             7200.39             7200.39              223.68              223.68
          1610612736             1048576             6154.42             6154.42              261.70              261.70
          1610612736             2097152             6199.58             6199.58              259.79              259.79
          3221225472               65536            35298.73            35298.73               91.26               91.26
          3221225472              131072            24008.15            24008.15              134.17              134.17
          3221225472              262144            18630.77            18630.77              172.90              172.90
          3221225472              524288            14172.91            14172.91              227.28              227.28
          3221225472             1048576            12152.89            12152.89              265.06              265.06
          3221225472             2097152            12278.57            12278.57              262.35              262.35

####################################################### Allgather #######################################################
nranks=16
k=8
check_iters=0, warmup_iters=100, iters=100
KERNEL_FILE=pipeline_kernel.cu, BENCH_METHOD=2

             size(B)        send_size(B)        avg_time(us)        min_time(us)     avg_algbw(GB/s)     max_algbw(GB/s)
Warning: nblocks=128 > 100
Warning: nblocks=128 > 100
Warning: nblocks=128 > 100
Warning: nblocks=128 > 100
Warning: nblocks=128 > 100
Warning: nblocks=128 > 100
Warning: nblocks=128 > 100
Warning: nblocks=128 > 100
Warning: nblocks=128 > 100
Warning: nblocks=128 > 100
Warning: nblocks=128 > 100
Warning: nblocks=128 > 100
Warning: nblocks=128 > 100
Warning: nblocks=128 > 100
Warning: nblocks=128 > 100
Warning: nblocks=128 > 100
                3072               65536              175.92              175.92                0.02                0.02
                3072              131072              176.90              176.90                0.02                0.02
                3072              262144              175.16              175.16                0.02                0.02
                3072              524288              175.68              175.68                0.02                0.02
                3072             1048576              175.29              175.29                0.02                0.02
                3072             2097152              176.57              176.57                0.02                0.02
                6144               65536              174.53              174.53                0.04                0.04
                6144              131072              175.45              175.45                0.04                0.04
                6144              262144              175.43              175.43                0.04                0.04
                6144              524288              174.48              174.48                0.04                0.04
                6144             1048576              173.95              173.95                0.04                0.04
                6144             2097152              175.16              175.16                0.04                0.04
               12288               65536              175.22              175.22                0.07                0.07
               12288              131072              175.44              175.44                0.07                0.07
               12288              262144              175.77              175.77                0.07                0.07
               12288              524288              176.49              176.49                0.07                0.07
               12288             1048576              175.13              175.13                0.07                0.07
               12288             2097152              175.96              175.96                0.07                0.07
               24576               65536              174.42              174.42                0.14                0.14
               24576              131072              176.02              176.02                0.14                0.14
               24576              262144              175.85              175.85                0.14                0.14
               24576              524288              175.51              175.51                0.14                0.14
               24576             1048576              174.96              174.96                0.14                0.14
               24576             2097152              175.73              175.73                0.14                0.14
               49152               65536              175.55              175.55                0.28                0.28
               49152              131072              175.44              175.44                0.28                0.28
               49152              262144              178.20              178.20                0.28                0.28
               49152              524288              175.91              175.91                0.28                0.28
               49152             1048576              175.08              175.08                0.28                0.28
               49152             2097152              175.97              175.97                0.28                0.28
               98304               65536              176.45              176.45                0.56                0.56
               98304              131072              177.27              177.27                0.55                0.55
               98304              262144              175.55              175.55                0.56                0.56
               98304              524288              176.28              176.28                0.56                0.56
               98304             1048576              175.85              175.85                0.56                0.56
               98304             2097152              177.35              177.35                0.55                0.55
              196608               65536              176.16              176.16                1.12                1.12
              196608              131072              178.33              178.33                1.10                1.10
              196608              262144              176.65              176.65                1.11                1.11
              196608              524288              176.98              176.98                1.11                1.11
              196608             1048576              176.99              176.99                1.11                1.11
              196608             2097152              177.03              177.03                1.11                1.11
              393216               65536              178.08              178.08                2.21                2.21
              393216              131072              178.18              178.18                2.21                2.21
              393216              262144              179.73              179.73                2.19                2.19
              393216              524288              178.72              178.72                2.20                2.20
              393216             1048576              178.54              178.54                2.20                2.20
              393216             2097152              179.53              179.53                2.19                2.19
              786432               65536              185.70              185.70                4.23                4.23
              786432              131072              185.18              185.18                4.25                4.25
              786432              262144              185.21              185.21                4.25                4.25
              786432              524288              184.92              184.92                4.25                4.25
              786432             1048576              186.10              186.10                4.23                4.23
              786432             2097152              185.79              185.79                4.23                4.23
             1572864               65536              195.21              195.21                8.06                8.06
             1572864              131072              192.90              192.90                8.15                8.15
             1572864              262144              193.94              193.94                8.11                8.11
             1572864              524288              193.83              193.83                8.11                8.11
             1572864             1048576              193.75              193.75                8.12                8.12
             1572864             2097152              192.83              192.83                8.16                8.16
             3145728               65536              208.03              208.03               15.12               15.12
             3145728              131072              211.88              211.88               14.85               14.85
             3145728              262144              205.17              205.17               15.33               15.33
             3145728              524288              207.37              207.37               15.17               15.17
             3145728             1048576              212.66              212.66               14.79               14.79
             3145728             2097152              209.51              209.51               15.01               15.01
             6291456               65536              248.25              248.25               25.34               25.34
             6291456              131072              248.80              248.80               25.29               25.29
             6291456              262144              246.35              246.35               25.54               25.54
             6291456              524288              251.12              251.12               25.05               25.05
             6291456             1048576              248.21              248.21               25.35               25.35
             6291456             2097152              251.24              251.24               25.04               25.04
            12582912               65536              392.66              392.66               32.05               32.05
            12582912              131072              307.13              307.13               40.97               40.97
            12582912              262144              306.82              306.82               41.01               41.01
            12582912              524288              306.89              306.89               41.00               41.00
            12582912             1048576              306.74              306.74               41.02               41.02
            12582912             2097152              307.34              307.34               40.94               40.94
            25165824               65536              584.67              584.67               43.04               43.04
            25165824              131072              492.20              492.20               51.13               51.13
            25165824              262144              395.30              395.30               63.66               63.66
            25165824              524288              395.12              395.12               63.69               63.69
            25165824             1048576              394.58              394.58               63.78               63.78
            25165824             2097152              394.11              394.11               63.86               63.86
            50331648               65536             1077.85             1077.85               46.70               46.70
            50331648              131072              794.61              794.61               63.34               63.34
            50331648              262144              666.48              666.48               75.52               75.52
            50331648              524288              552.71              552.71               91.06               91.06
            50331648             1048576              549.98              549.98               91.52               91.52
            50331648             2097152              551.21              551.21               91.31               91.31
           100663296               65536             2028.58             2028.58               49.62               49.62
           100663296              131072             1470.96             1470.96               68.43               68.43
           100663296              262144             1091.38             1091.38               92.23               92.23
           100663296              524288              977.25              977.25              103.01              103.01
           100663296             1048576              839.35              839.35              119.93              119.93
           100663296             2097152              838.51              838.51              120.05              120.05
           201326592               65536             3104.33             3104.33               64.85               64.85
           201326592              131072             2719.66             2719.66               74.03               74.03
           201326592              262144             2039.84             2039.84               98.70               98.70
           201326592              524288             1589.04             1589.04              126.70              126.70
           201326592             1048576             1463.19             1463.19              137.59              137.59
           201326592             2097152             1339.39             1339.39              150.31              150.31
           402653184               65536             6057.60             6057.60               66.47               66.47
           402653184              131072             4315.63             4315.63               93.30               93.30
           402653184              262144             3779.22             3779.22              106.54              106.54
           402653184              524288             3059.06             3059.06              131.63              131.63
           402653184             1048576             2654.59             2654.59              151.68              151.68
           402653184             2097152             2556.72             2556.72              157.49              157.49
           805306368               65536            11257.77            11257.77               71.53               71.53
           805306368              131072             8758.07             8758.07               91.95               91.95
           805306368              262144             7500.98             7500.98              107.36              107.36
           805306368              524288             5774.81             5774.81              139.45              139.45
           805306368             1048576             5182.43             5182.43              155.39              155.39
           805306368             2097152             4824.37             4824.37              166.92              166.92
          1610612736               65536            21774.55            21774.55               73.97               73.97
          1610612736              131072            16731.62            16731.62               96.26               96.26
          1610612736              262144            14053.12            14053.12              114.61              114.61
          1610612736              524288            11860.07            11860.07              135.80              135.80
          1610612736             1048576            10006.31            10006.31              160.96              160.96
          1610612736             2097152             9523.64             9523.64              169.12              169.12
          3221225472               65536            42537.33            42537.33               75.73               75.73
          3221225472              131072            32309.92            32309.92               99.70               99.70
          3221225472              262144            26826.42            26826.42              120.08              120.08
          3221225472              524288            23400.23            23400.23              137.66              137.66
          3221225472             1048576            20758.07            20758.07              155.18              155.18
          3221225472             2097152            18959.78            18959.78              169.90              169.90